[gd_scene load_steps=2 format=3 uid="uid://djmran63jpqjh"]

[ext_resource type="PackedScene" uid="uid://b8xkfc23yjtyf" path="res://models/assets/characters/Knight.glb" id="1_5sxi1"]

[node name="Knight" instance=ExtResource("1_5sxi1")]

[node name="Skeleton3D" parent="Rig" index="0"]
bones/1/position = Vector3(0, 0.371301, 0)
bones/1/rotation = Quaternion(-1.11123e-10, 0.0431578, 2.57241e-09, 0.999068)
bones/2/rotation = Quaternion(-6.93889e-18, 7.10543e-15, 4.93038e-32, 1)
bones/3/rotation = Quaternion(8.27181e-25, 3.72529e-09, 0, 1)
bones/4/position = Vector3(0.212007, 0.134132, 7.92996e-08)
bones/4/rotation = Quaternion(-0.552487, -0.0566018, -0.637256, 0.534283)
bones/5/rotation = Quaternion(3.74129e-08, -5.78794e-08, -0.516161, 0.856492)
bones/7/rotation = Quaternion(-0.321718, -0.337742, 0.150493, 0.871653)
bones/8/position = Vector3(8.34843e-10, 0.0961252, -0.0575)
bones/8/rotation = Quaternion(0.000829984, 0.000829977, -0.704053, 0.710146)
bones/14/position = Vector3(-0.212007, 0.134132, 8.6814e-08)
bones/14/rotation = Quaternion(-0.610986, 0.0770814, 0.612842, 0.495156)
bones/15/rotation = Quaternion(2.84131e-08, 4.36604e-08, 0.538503, 0.842624)
bones/17/rotation = Quaternion(-0.320726, 0.313971, -0.232664, 0.8628)
bones/18/position = Vector3(-1.5736e-08, 0.0961251, -0.0575)
bones/18/rotation = Quaternion(0.00262969, 0.00309739, 0.70437, 0.709821)
bones/21/rotation = Quaternion(-5.80608e-11, -0.0313417, -1.88012e-09, 0.999509)
bones/24/position = Vector3(0.170945, 0.113587, 1.59941e-08)
bones/24/rotation = Quaternion(0.990035, 0.0835698, 0.0784128, 0.081838)
bones/25/rotation = Quaternion(0.381209, 6.07556e-08, -2.61392e-07, 0.924489)
bones/26/rotation = Quaternion(-0.614252, -0.201664, 0.0742151, 0.759288)
bones/27/rotation = Quaternion(-9.74065e-09, 0.920355, -0.391084, 7.8309e-08)
bones/28/position = Vector3(-0.170945, 0.113587, 1.55755e-08)
bones/28/rotation = Quaternion(0.991985, -0.0330422, 0.0299356, 0.11823)
bones/29/rotation = Quaternion(0.426776, -6.0096e-08, 2.97626e-07, 0.904357)
bones/30/rotation = Quaternion(-0.640798, 0.112706, -0.0221738, 0.759068)
bones/31/rotation = Quaternion(3.03591e-08, 0.920355, -0.391084, -6.95338e-08)
bones/32/rotation = Quaternion(0.707107, -2.29302e-07, -4.60552e-08, 0.707107)
bones/33/position = Vector3(0.202182, 0.0259903, 0.205181)
bones/33/rotation = Quaternion(-0.707107, -7.05285e-08, -7.05285e-08, 0.707107)
bones/34/rotation = Quaternion(9.65792e-09, 1.77955e-09, 0.985719, -0.168398)
bones/35/position = Vector3(-2.60494e-08, 0.213436, -5.1715e-09)
bones/35/rotation = Quaternion(-1.01273e-07, 0.391084, 0.920355, -3.35091e-08)
bones/36/position = Vector3(8.58988e-09, 0.16565, -2.40963e-09)
bones/37/rotation = Quaternion(1, -2.33136e-09, 1.99777e-07, -1.34211e-15)
bones/39/rotation = Quaternion(0.707107, -3.82385e-08, 1.45009e-07, 0.707107)
bones/40/rotation = Quaternion(-0.707107, -7.05285e-08, -7.05285e-08, 0.707107)
bones/41/rotation = Quaternion(-5.83589e-09, 6.43837e-10, 0.994809, 0.101756)
bones/42/position = Vector3(-1.11482e-08, 0.213436, -2.50942e-15)
bones/42/rotation = Quaternion(-1.05796e-07, 0.391084, 0.920355, -2.58643e-08)
bones/43/position = Vector3(-6.31128e-09, 0.16565, 2.70695e-09)
bones/44/rotation = Quaternion(1, 3.76526e-09, 1.94879e-07, 7.45058e-09)
bones/46/rotation = Quaternion(-0.707107, -7.27951e-08, -7.27951e-08, 0.707107)
bones/47/position = Vector3(0.520841, 0.7767, -0.0576374)
bones/47/rotation = Quaternion(0.794627, -1.11759e-07, 0.607098, -5.96046e-08)
bones/48/rotation = Quaternion(-0.707107, -7.27951e-08, -7.27951e-08, 0.707107)
bones/49/position = Vector3(-0.510844, 0.7767, 0.0597369)
bones/49/rotation = Quaternion(0.758253, 1.52737e-07, -0.651961, 1.11759e-08)

[node name="1H_Sword_Offhand" parent="Rig/Skeleton3D" index="0"]
transform = Transform3D(5.99022e-07, 0.262864, 0.964832, 0.999959, -0.0086167, 0.00234736, 0.00893095, 0.964794, -0.262853, 0.511866, 0.625149, -0.000853088)
visible = false

[node name="Badge_Shield" parent="Rig/Skeleton3D" index="1"]
transform = Transform3D(6.21439e-07, 0.262863, 0.964832, 0.999959, -0.00861924, 0.00234803, 0.00893357, 0.964794, -0.262853, 0.662269, 0.625515, -0.041828)
visible = false

[node name="Rectangle_Shield" parent="Rig/Skeleton3D" index="2"]
transform = Transform3D(6.21439e-07, 0.262863, 0.964832, 0.999959, -0.00861924, 0.00234803, 0.00893357, 0.964794, -0.262853, 0.662269, 0.625515, -0.041828)
visible = false

[node name="Round_Shield" parent="Rig/Skeleton3D" index="3"]
transform = Transform3D(6.21439e-07, 0.262863, 0.964832, 0.999959, -0.00861924, 0.00234803, 0.00893357, 0.964794, -0.262853, 0.662269, 0.625515, -0.041828)

[node name="Spike_Shield" parent="Rig/Skeleton3D" index="4"]
transform = Transform3D(6.21439e-07, 0.262863, 0.964832, 0.999959, -0.00861924, 0.00234803, 0.00893357, 0.964794, -0.262853, 0.662269, 0.625515, -0.041828)
visible = false

[node name="1H_Sword" parent="Rig/Skeleton3D" index="5"]
transform = Transform3D(-0.00184065, -0.15789, 0.987455, 0.999969, -0.0077117, 0.000630645, 0.00751575, 0.987426, 0.1579, -0.495665, 0.629601, 0.140747)

[node name="2H_Sword" parent="Rig/Skeleton3D" index="6"]
transform = Transform3D(-0.00184067, -0.15789, 0.987455, 0.999969, -0.00771172, 0.000630659, 0.00751576, 0.987426, 0.1579, -0.495665, 0.629601, 0.140747)
visible = false

[node name="Knight_Helmet" parent="Rig/Skeleton3D" index="7"]
transform = Transform3D(0.99972, -1.40143e-09, 0.0236466, 1.39341e-09, 1, 3.55686e-10, -0.0236466, -3.22637e-10, 0.99972, 4.69869e-07, 1.18153, -1.19779e-07)

[node name="Knight_Cape" parent="Rig/Skeleton3D" index="8"]
transform = Transform3D(0.996275, -5.14962e-09, 0.0862353, 5.13043e-09, 1, 4.44077e-10, -0.0862353, 1.88007e-15, 0.996275, -1.63023e-08, 1.18153, -1.40136e-07)
